# oST version 5.0 parameters


[image]

width
640

height
480

[narrow_stereo/right]

camera matrix
758.671335 0.000000 264.579758
0.000000 756.734421 192.779568
0.000000 0.000000 1.000000

distortion
-0.546223 0.321411 0.002523 -0.002624 0.000000

rectification
0.996647 0.015639 -0.080319
-0.015107 0.999860 0.007223
0.080421 -0.005986 0.996743

projection
756.428602 0.000000 299.694534 -80.507116
0.000000 756.428602 170.682367 0.000000
0.000000 0.000000 1.000000 0.000000

