# oST version 5.0 parameters


[image]

width
640

height
480

[narrow_stereo/left]

camera matrix
758.796849 0.000000 257.306171
0.000000 756.529881 162.303778
0.000000 0.000000 1.000000

distortion
-0.546060 0.286796 0.002194 0.003205 0.000000

rectification
0.997590 0.038585 -0.057672
-0.038966 0.999225 -0.005489
0.057415 0.007723 0.998321

projection
756.428602 0.000000 299.694534 0.000000
0.000000 756.428602 170.682367 0.000000
0.000000 0.000000 1.000000 0.000000

