# oST version 5.0 parameters


[image]

width
640

height
480

[narrow_stereo/left]

camera matrix
758.796849 0.000000 257.306171
0.000000 756.529881 162.303778
0.000000 0.000000 1.000000

distortion
-0.546060 0.286796 0.002194 0.003205 0.000000

rectification
0.997590 0.038585 -0.057672
-0.038966 0.999225 -0.005489
0.057415 0.007723 0.998321

projection
756.428602 0.000000 299.694534 0.000000
0.000000 756.428602 170.682367 0.000000
0.000000 0.000000 1.000000 0.000000

# oST version 5.0 parameters


[image]

width
640

height
480

[narrow_stereo/right]

camera matrix
758.671335 0.000000 264.579758
0.000000 756.734421 192.779568
0.000000 0.000000 1.000000

distortion
-0.546223 0.321411 0.002523 -0.002624 0.000000

rectification
0.996647 0.015639 -0.080319
-0.015107 0.999860 0.007223
0.080421 -0.005986 0.996743

projection
756.428602 0.000000 299.694534 -80.507116
0.000000 756.428602 170.682367 0.000000
0.000000 0.000000 1.000000 0.000000

